1816  16128.6 1.36879e+06 -196259 -3.1251e+06 2.30781e+06 1.22344e+06 250884 
1467  -28576 -1.10956e+07 -967598 9.89823e+06 2.48666e+06 1.18991e+06 239716 
1462  4960.47 6.28746e+06 27328.8 -4.76839e+06 3.06795e+06 1.16757e+06 329157 
1448  -28576 1.50294e+06 27328.8 -6.91473e+06 -375109 1.13403e+06 -3.98588e+06 
1293  -17407.9 6.67873e+06 83201.7 1.69295e+06 7.60658e+06 1.1005e+06 161475 
1169  16128.6 2.85556e+06 1.22344e+06 1.39113e+06 2.26307e+06 1.17874e+06 195011 
1162  -28576 -3.21454e+06 686859 -386310 -196259 1.1452e+06 340326 
1156  -17407.9 -84480.9 -665770 -1.28731e+07 2.2072e+06 1.07813e+06 139107 
1093  4960.47 6.64519e+06 16128.6 -6.48992e+06 7.70719e+06 1.16757e+06 239716 
1065  -17407.9 1.04124e+07 127938 1.06025e+07 2.196e+06 1.17874e+06 284421 
1035  -17407.9 -8.31209e+06 3.10149e+06 -9.72063e+06 2.34135e+06 1.17874e+06 116738 
1011  27328.8 7.45007e+06 -431014 -4.76839e+06 7.71836e+06 1.18991e+06 -3.95235e+06 
1002  27328.8 -3.90761e+06 -39744.2 6.49988e+06 2.96734e+06 1.1005e+06 284421 
996  27328.8 1.87184e+06 273253 1.06137e+07 7.58421e+06 1.1452e+06 -3.98588e+06 
963  16128.6 -8.7257e+06 -878157 -8.32326e+06 3.24683e+06 1.17874e+06 228548 
958  4960.47 -8.20028e+06 -878157 3.42568e+06 -196259 1.1005e+06 407399 
950  1.27935e+06 -17407.9 -3.29279e+06 -17407.9 -1.66066e+06 -17407.9 -5.69625e+06 
898  -6207.7 2.36368e+06 765132 7.24885e+06 -442182 1.1452e+06 -4.08649e+06 
889  -17407.9 6.36573e+06 -218627 9.46226e+06 7.45007e+06 1.18991e+06 295621 
882  16128.6 -6.26637e+06 -39744.2 2.12893e+06 7.59538e+06 1.1005e+06 262084 
876  4960.47 -8.33443e+06 116738 5.91855e+06 -151554 1.1005e+06 407399 
857  16128.6 6.68989e+06 150275 1.67062e+06 3.07915e+06 1.11167e+06 306789 
857  -151554 1.2883e+07 474472 -95649.1 2.69905e+06 966351 284421 
853  4960.47 -1.29066e+07 -1.35884e+06 60865.3 2.17367e+06 1.07813e+06 116738 
844  -498087 206180 -140354 6.8017e+06 3.2133e+06 765132 396230 
822  -17407.9 -1.14645e+06 -755179 2.93381e+06 2.12893e+06 1.17874e+06 150275 
806  -17407.9 -8.88222e+06 -17407.9 6.25392e+06 -207427 1.13403e+06 -3.98588e+06 
798  38497 1.0569e+07 -509255 -1.48181e+06 7.36062e+06 1.18991e+06 -3.99705e+06 
751  -84480.9 60865.3 -2.05193e+06 1.29277e+07 2.26307e+06 1.1005e+06 329157 
744  -17407.9 -1.0492e+07 798669 -1.0995e+07 2.91147e+06 1.12283e+06 195011 
739  -17407.9 -5.66271e+06 -252163 -6.08748e+06 7.76306e+06 1.24581e+06 -3.91881e+06 
737  1.30172e+06 -1.30295e+07 -3.16981e+06 1.30171e+07 3.38098e+06 -28576 -822252 
727  16128.6 1.02224e+07 -1.07938e+06 -1.03131e+07 2.03952e+06 1.18991e+06 329157 
707  1.27935e+06 -17407.9 3.2133e+06 -17407.9 2.09539e+06 -17407.9 105570 
672  -28576 116738 127938 6.63402e+06 7.68482e+06 1.16757e+06 385030 
670  16128.6 -6.64644e+06 -140354 9.74172e+06 7.76306e+06 1.04459e+06 273253 
663  1.27935e+06 -1.30854e+07 1.63708e+06 -1.30743e+07 2.50903e+06 -17407.9 407399 
659  4960.47 -1.03019e+07 731596 -1.08944e+07 7.72953e+06 1.1452e+06 284421 
649  1.29052e+06 1.30171e+07 -3.27042e+06 -1.30407e+07 2.21837e+06 -17407.9 -95649.1 
632  4960.47 -1.6942e+06 1.17874e+06 -6.70234e+06 2.87793e+06 1.17874e+06 396230 
630  -6207.7 4.09641e+06 2.2072e+06 -3.52754e+06 7.52831e+06 1.13403e+06 -3.78467e+06 
626  1.29052e+06 -17407.9 -3.25925e+06 -17407.9 429767 -17407.9 -1.82835e+06 
605  27328.8 -6.73588e+06 94401.8 -7.48485e+06 7.69599e+06 1.23464e+06 295621 
601  27328.8 9.43989e+06 586249 -7.18302e+06 -39744.2 1.20111e+06 183811 
565  -17407.9 1.17204e+07 -844620 7.01409e+06 -386310 1.12283e+06 -3.87407e+06 
562  -17407.9 6.32099e+06 -140354 9.84233e+06 3.13502e+06 1.1452e+06 284421 
560  4960.47 3.66044e+06 1.26818e+06 7.86367e+06 -240963 1.0893e+06 127938 
556  16128.6 -4.96961e+06 195011 -7.38424e+06 -140354 1.16757e+06 385030 
553  -6207.7 -2.0743e+06 720395 -5.66271e+06 7.45007e+06 1.21227e+06 362694 
550  1.27935e+06 1.30618e+07 -3.19218e+06 1.30618e+07 8.99275e+06 -17407.9 -4.95844e+06 
546  4960.47 -6.60173e+06 373862 1.02895e+07 7.7966e+06 1.0893e+06 -4.03059e+06 
528  27328.8 -9.89948e+06 -319236 1.39113e+06 7.74073e+06 1.18991e+06 -4.12003e+06 
524  -6207.7 -4.09766e+06 -889325 2.2072e+06 2.91147e+06 1.15637e+06 206180 
516  4960.47 -4.4442e+06 -240963 -6.88119e+06 -285700 1.22344e+06 -4.06413e+06 
508  4960.47 -3.21454e+06 228548 5.19195e+06 -464551 1.13403e+06 -3.99705e+06 
488  4960.47 -3.494e+06 139107 2.31898e+06 -498087 1.1452e+06 -4.12003e+06 
477  -17407.9 -8.0438e+06 -1.50418e+06 2.5202e+06 -252163 1.12283e+06 -4.03059e+06 
469  4960.47 -3.15864e+06 -643401 2.76612e+06 7.68482e+06 1.11167e+06 340326 
463  -62112.6 1.28606e+07 -1.49298e+06 49665.1 7.62892e+06 1.06696e+06 340326 
460  -6207.7 -4.26534e+06 -3.00213e+06 4.37588e+06 2.25191e+06 1.17874e+06 150275 
454  3.07691e+07 -7.14948e+06 563913 -2.66676e+06 1.83159e+07 -5.74095e+06 2.10435e+07 
452  4960.47 -1.98486e+06 373862 -3.27042e+06 2.79966e+06 1.20111e+06 329157 
451  1.30172e+06 -17407.9 4960.47 -17407.9 172643 -28576 -4.06413e+06 
436  27328.8 -6.27754e+06 -442182 -1.25823e+06 -173890 1.16757e+06 373862 
426  -39744.2 8.1208e+06 -2.78974e+06 -8.36797e+06 2.02832e+06 1.22344e+06 396230 
414  1.29052e+06 -1.30519e+07 -1.07938e+06 1.30395e+07 3.11269e+06 -17407.9 139107 
412  16128.6 -9.55295e+06 798669 -5.49503e+06 2.8332e+06 1.23464e+06 228548 
408  -6207.7 -2.95742e+06 3.38098e+06 -5.14846e+06 2.68788e+06 1.20111e+06 273253 
393  1.27935e+06 -1.30519e+07 530376 -1.30743e+07 9.46226e+06 -6207.7 -3.62815e+06 
392  16128.6 -6.66881e+06 -185090 1.12173e+07 3.2133e+06 1.06696e+06 329157 
385  206180 6.24275e+06 1.96125e+06 105570 -531624 1.27935e+06 -4.16474e+06 
383  1.29052e+06 1.30395e+07 3.15739e+06 1.30283e+07 3.55983e+06 -17407.9 1.79356e+06 
376  -6207.7 7.67365e+06 -1.13528e+06 -9.17284e+06 -464551 1.1452e+06 -3.92998e+06 
368  16128.6 -8.45741e+06 485640 -6.2887e+06 7.77426e+06 1.18991e+06 284421 
366  4960.47 -1.02348e+07 49665.1 -1.07603e+07 -419846 1.20111e+06 -4.01942e+06 
338  -6207.7 5.39317e+06 3.26917e+06 4.47648e+06 2.07306e+06 1.17874e+06 329157 
305  -6207.7 9.80879e+06 530376 -6.95943e+06 2.14013e+06 1.16757e+06 385030 
297  -39744.2 -62112.6 910446 1.27376e+07 -486919 1.12283e+06 -3.97468e+06 
291  4960.47 8.82506e+06 -2.3426e+06 9.41755e+06 7.51714e+06 1.13403e+06 -3.86291e+06 
