2752  -7.75889 -346.811 -150.167 -258.653 -184.058 2894.46 -2021.68 
2606  -7.75889 -2109.84 1334.86 2474.04 -4055.95 4148.91 -6795.42 
2383  -7.75889 2277.4 73.6017 -2855.74 -211.184 2948.71 -1940.32 
2041  12.5852 7444.43 -1492.78 100.727 -4137.32 3620.02 -7229.4 
1738  19.3665 3077.54 1524.72 3294.53 -312.904 2867.33 -1716.55 
1706  12.5852 9471.9 -835.037 -6300.42 -4076.29 3986.18 -6903.93 
1593  -14.5402 -8097.35 1185.67 -8185.51 -306.123 2948.71 -1791.13 
1503  5.80382 10814.5 -143.386 -8178.73 -3899.99 4182.82 -6951.38 
1414  -7.75889 -9914.63 -340.03 -9650.17 -231.528 2867.33 -2170.87 
1394  -14.5402 480.467 622.86 419.435 -3988.15 4264.2 -6619.13 
1364  39.7106 -7310.78 -835.037 10353.4 -3947.46 3999.74 -7012.41 
1169  -0.977538 9268.48 175.322 -10179.1 -312.904 2928.36 -1662.3 
1144  12.5852 9383.76 141.415 10590.7 -333.248 2948.71 -1858.94 
1123  19.3665 1178.88 534.703 6393.39 -360.374 2765.61 -1214.76 
1120  -0.977538 -10416.4 643.204 9614.31 -7.75889 2833.43 -1655.52 
1112  -14.5402 3226.71 -428.172 466.905 -217.965 2962.26 -1526.67 
1110  12.5852 -3310.06 1029.71 -7792.22 -7.75889 2874.11 -1397.84 
1104  -0.977538 -7310.78 121.071 -9602.7 -4171.23 3911.58 -7032.76 
1052  32.9292 -9175.51 -441.734 1443.34 -4069.51 3843.78 -7195.49 
990  -34.8843 2026.51 -1336.81 1456.9 -4184.79 4142.13 -6639.47 
989  12.5852 8583.61 -767.224 -7731.19 -340.03 2894.46 -1472.44 
988  -7.75889 -8212.63 -1553.8 8610.73 -204.403 2887.68 -1614.83 
987  53.2577 7586.83 -184.058 7234.21 -3879.65 4087.88 -7107.35 
941  12.5852 -4055.95 1219.57 -2381.08 -245.091 2928.36 -1343.59 
898  -7.75889 -9053.46 704.236 -7039.54 -3703.35 4406.59 -6985.29 
895  39.7106 -5724.05 948.334 -1669.08 -4137.32 4074.33 -6775.08 
875  12.5852 -3506.7 -1052.02 -4917.12 -3886.43 4060.77 -7168.37 
869  32.9292 -1424.97 12.5852 8827.72 -4205.14 3728.5 -6829.33 
844  39.7106 9526.15 1389.11 6691.75 161.759 2785.96 -1716.55 
826  5.80382 -2014.9 894.099 -3018.48 -3832.18 4047.21 -7195.49 
816  19.3665 4786.31 1416.22 8386.96 -4035.6 3945.49 -6775.08 
807  5.80382 3091.1 -1133.39 6162.84 -4103.42 3837 -6883.58 
785  -0.977538 -8761.88 107.508 7417.31 -116.261 2840.21 -1852.16 
728  1239.92 2623.22 371.966 -3154.09 -2374.3 -5242.6 209.229 
720  12.5852 9146.43 -692.629 -3777.93 -346.811 2908.02 -1580.92 
712  12.5852 5213.51 -346.811 -7873.58 -75.5724 2867.33 -1377.5 
679  -7.75889 344.84 602.516 -5147.67 100.727 2860.55 -1641.96 
675  19.3665 8197.1 1138.21 3565.76 -14.5402 2772.39 -1228.32 
653  19.3665 1117.87 -1506.34 -5269.73 -3893.21 3904.8 -7290.43 
570  -7.75889 -9779.02 2175.68 -2977.79 -4083.07 4101.44 -6808.99 
549  -14.5402 -6829.33 649.986 -5778.3 -4049.16 3870.89 -7337.9 
520  19.3665 -9643.39 751.69 9092.18 -3859.3 3708.16 -7466.73 
495  5.80382 -6395.36 -1180.85 7240.99 -4008.48 4006.52 -6951.38 
477  -7.75889 -3093.06 -1363.94 548.265 -4083.07 3959.05 -7209.06 
471  -0.977538 -9616.26 -1919.98 -7080.23 -4015.26 4176.04 -6781.86 
465  12.5852 -8388.93 -1201.2 4169.26 -34.8843 2901.24 -1736.89 
460  1138.21 256.698 -2387.86 -231.528 -1119.82 60.039 -448.516 
451  32.9292 -9907.85 -685.847 -5229.04 -3981.37 3965.83 -6958.16 
444  1239.92 -10321.5 -14.5402 -9311.14 1945.13 -4910.33 -5629.11 
435  19.3665 -5093.43 -1811.47 8820.94 -123.042 2779.17 -1574.14 
432  -7.75889 -4076.29 -2713.33 6807.02 -4171.23 3884.46 -7039.54 
429  5.80382 -2143.74 -733.317 -482.422 -224.747 2941.93 -1553.8 
375  12.5852 5444.06 -2197.98 -8626.27 -89.1351 2941.93 -1696.21 
360  1233.14 -8280.43 -1180.85 -5832.54 3925.14 1124.65 -5181.57 
316  -0.977538 7410.53 -1418.19 -5127.32 -373.936 2928.36 -1580.92 
292  982.241 175.322 2399.45 87.1644 948.334 446.561 -780.786 
252  1233.14 8271.7 -2720.11 -5886.79 -3452.45 -4835.75 -4401.78 
250  1233.14 -4164.45 2901.24 -6225.84 3206.37 -4564.52 5.80382 
228  -0.977538 -3859.3 1504.37 -6205.49 -170.511 2908.02 -1743.68 
226  1199.23 -5344.31 1050.05 -3981.37 3477.61 2596.09 -2591.28 
170  1246.7 -8572.01 1809.52 -8911.07 3796.31 -4713.69 -3920.33 
