1673  1012.5 -5.54994 -5.54994 -4999.79 -5.54994 -5.54994 -3860.08 
1342  48.8728 148.116 -367.313 68.084 272.97 1201.39 20.0598 
1245  42.4664 -7762.63 -376.915 128.905 1207.79 250.563 -3812.05 
877  84.0921 -7279.21 -581.809 5452.89 29.6615 1159.77 -546.597 
828  32.8647 -994.792 -498.573 -312.891 1259.02 282.579 -3748.03 
793  84.0921 7370.55 26.4662 122.507 1105.35 -530.589 -3936.91 
694  42.4664 4290.77 -127.208 5334.44 541.896 1194.98 -392.923 
693  103.295 7076.02 362.612 4297.18 1300.63 186.531 -3658.39 
666  103.295 6378.11 -927.564 -7445.69 -107.997 1169.37 93.6938 
632  39.2711 8042.85 -5.54994 4969.48 417.035 1191.79 -178.428 
402  29.6615 -8354.9 -175.224 -8409.32 -268.07 1098.94 -220.045 
374  52.0759 -8162.81 -767.491 5315.23 970.887 298.588 -3984.93 
358  36.0679 -4084.18 -1548.64 2552.4 -5.54994 1252.61 119.304 
329  119.304 1655.99 -127.208 -5345.55 -143.216 1159.77 189.734 
264  122.507 8878.43 -466.557 5312.03 1159.77 442.652 -3821.66 
242  61.6776 -2365.01 -213.647 3948.22 -300.086 1227 -296.883 
232  1012.5 -5.54994 -2.34677 4995.09 -5.54994 -2.34677 3852.18 
221  151.32 -6286.76 474.661 -1394.98 141.718 1201.39 -24.7612 
219  84.0921 3666.49 1486.32 1998.54 1249.41 -98.3951 -3936.91 
111  87.2874 -981.987 749.985 -3312.63 1210.99 410.636 -3831.26 
74  13.6535 -4718.06 -581.809 3192.68 -338.5 1425.49 -3860.08 
