2957  1015.71 -5.54994 -5.54994 -5002.99 -5.54994 -5.54994 -3856.87 
2296  106.499 -472.963 839.627 724.375 84.0921 1230.2 77.6857 
2268  55.2791 7088.82 61.6776 3413.58 1326.24 128.905 -3773.64 
1780  42.4664 5958.72 516.286 916.464 1300.63 20.0598 -3716.01 
1545  29.6615 4975.88 -79.1839 5324.84 503.473 1217.4 -316.094 
1139  4.05177 -7631.37 -348.102 3586.46 1294.23 288.978 -3773.64 
1104  23.263 -7906.69 -556.199 71.2794 1271.82 337.002 -4048.96 
1051  68.084 -6466.05 -1055.62 3624.87 -59.9726 1297.43 109.702 
923  90.4906 -7628.17 -581.809 5315.23 -248.858 1223.8 -633.036 
849  39.2711 8062.07 1031.72 -6952.66 -364.11 1134.16 -72.7853 
749  52.0759 8542.28 -258.468 5420.88 490.669 1230.2 -296.883 
742  74.4825 423.441 -277.671 2715.67 1319.85 221.75 -3514.32 
732  42.4664 -4532.38 212.149 125.71 1207.79 196.141 -3840.87 
707  93.6938 -3693.61 -754.686 -3962.52 103.295 1153.37 -8.75312 
644  45.6696 -8899.14 122.507 -8156.4 -146.411 1194.98 -124.005 
563  13.6535 6813.51 173.726 -5540.83 1121.35 -114.403 -3680.8 
524  39.2711 -7640.97 167.328 8558.28 -194.436 1194.98 -236.053 
457  84.0921 1979.34 -213.647 -4977.38 -213.647 1146.97 135.312 
403  106.499 346.604 -703.467 -3174.97 74.4825 1198.19 48.8728 
402  55.2791 3871.38 -1622.28 -4068.17 29.6615 1172.58 26.4662 
396  55.2791 -3053.32 509.88 4188.33 61.6776 1294.23 -63.1758 
357  -18.3548 1492.72 -332.094 -1100.44 -88.7856 1383.87 -3972.13 
352  45.6696 -7093.53 -1122.85 -1321.34 1275.02 84.0921 -3844.07 
351  125.71 -601.02 932.472 -3162.17 1204.59 272.97 -3796.05 
342  96.8969 -2371.41 -1049.22 -2816.41 100.092 1239.8 -56.7773 
316  1012.5 -2.34677 -2.34677 4991.89 -2.34677 -2.34677 3852.18 
235  29.6615 5881.88 1323.04 7348.14 -255.265 1271.82 -280.874 
209  36.0679 1870.49 -1033.21 -2243.36 68.084 1227 -21.558 
205  80.8889 7562.64 314.596 -3104.54 -130.411 1246.21 -107.997 
138  26.4662 4149.91 2011.36 3064.62 36.0679 1262.22 -31.1597 
136  29.6615 -2006.45 -1289.33 3013.4 -581.809 1508.72 -3879.29 
130  29.6615 -8374.1 -745.085 6138 1271.82 -31.1597 -4205.83 
112  10.4581 4950.27 484.27 6198.83 -546.597 1524.73 -4122.6 
