3302  1015.71 -5.54994 -5.54994 -5002.99 -5.54994 -5.54994 -3856.87 
2341  68.084 7092.03 26.4662 3423.18 1326.24 119.304 -3770.44 
2290  109.702 -495.37 842.83 740.383 87.2874 1230.2 71.2794 
1800  42.4664 5965.13 506.677 900.456 1310.24 10.4581 -3709.61 
1540  29.6615 4988.68 -95.1919 5334.44 493.872 1217.4 -316.094 
1476  26.4662 -7727.41 -607.419 -191.232 1275.02 295.384 -3988.13 
1079  0.848593 -7656.98 -338.5 3567.25 1297.43 288.978 -3773.64 
1061  68.084 -6453.24 -1055.62 3596.06 -50.3709 1294.23 109.702 
912  93.6938 -7644.17 -585.012 5292.82 -258.468 1217.4 -626.63 
813  45.6696 8062.07 1025.31 -6971.87 -367.313 1153.37 -107.997 
768  71.2794 381.823 -325.695 2715.67 1313.44 234.555 -3514.32 
738  45.6696 -4433.13 256.97 74.4825 1214.2 180.133 -3844.07 
705  52.0759 8561.49 -261.663 5417.68 493.872 1233.41 -293.679 
642  52.0759 -8921.55 148.116 -8143.6 -107.997 1204.59 -136.81 
605  90.4906 -3719.22 -764.288 -3972.13 119.304 1159.77 -2.34677 
576  7.25494 6823.11 192.937 -5537.63 1124.55 -120.802 -3680.8 
514  36.0679 -7628.17 112.905 8548.67 -178.428 1198.19 -223.249 
462  84.0921 1985.74 -204.037 -4986.99 -223.249 1156.57 135.312 
420  48.8728 4101.89 -1727.92 -4321.08 74.4825 1185.38 4.05177 
375  61.6776 -3155.76 506.677 4181.93 68.084 1300.63 -69.5822 
348  106.499 -2323.39 -1078.04 -2915.66 112.905 1236.6 -63.1758 
344  125.71 -594.614 932.472 -3155.76 1198.19 276.173 -3796.05 
315  1012.5 -2.34677 -2.34677 4991.89 -2.34677 -2.34677 3852.18 
310  109.702 202.539 -655.443 -3395.87 68.084 1214.2 96.8969 
302  55.2791 1707.22 -1097.24 -2659.54 52.0759 1204.59 0.848593 
223  32.8647 5865.88 1313.44 7357.75 -242.46 1278.23 -258.468 
207  39.2711 -8418.92 -802.711 6237.25 1278.23 -75.9807 -4244.25 
197  80.8889 7559.44 317.791 -3072.53 -133.607 1239.8 -114.403 
154  32.8647 -2012.85 -1292.53 3000.6 -559.402 1502.32 -3885.69 
136  23.263 4156.31 2024.16 3064.62 23.263 1265.41 -34.3629 
115  132.108 -4590 1441.5 -5521.63 330.596 1089.34 -348.102 
