480
7
88
34
32
98
135
41
1
30
11
19
10
19
22
2
6
2
4
22
63
24
11
44
45
2
33
7
25
25
25
7
25
7
15
7
1
4
35
104
67
20
35
11
31
34
67
98
44
119
15
17
15
36
2
24
20
33
26
135
63
9
1
30
9
88
1
66
7
13
33
1
2
7
67
22
98
22
44
32
17
26
17
44
3
32
25
22
11
7
7
24
33
7
135
104
2
30
15
13
20
33
24
9
15
2
24
7
33
44
11
135
20
66
1
35
25
135
7
3
7
7
88
44
19
7
7
25
25
15
6
15
88
38
41
38
3
17
15
18
63
15
7
66
1
31
7
9
104
7
19
7
55
98
25
101
26
34
98
33
25
34
25
36
14
23
7
34
20
2
30
32
30
135
7
67
25
7
44
11
11
25
3
66
22
67
22
2
67
15
11
24
17
55
4
7
19
10
110
3
41
18
67
7
13
19
20
17
35
15
6
135
18
14
24
9
67
1
104
33
44
15
24
18
32
34
18
67
33
7
7
7
24
22
30
4
32
6
22
135
22
17
6
41
11
19
2
16
2
60
19
7
110
3
19
7
15
7
10
15
1
11
34
98
25
44
135
18
33
24
3
25
4
41
24
20
11
35
98
45
44
135
31
3
110
63
102
9
11
36
4
2
45
67
7
19
25
30
24
32
7
10
18
3
7
3
7
34
7
24
7
17
26
44
34
88
13
18
24
44
25
63
18
1
18
18
41
18
17
30
34
25
1
13
25
25
15
15
19
19
34
25
22
18
19
22
20
24
11
45
67
17
2
41
25
13
3
3
3
135
30
25
30
70
24
7
31
25
25
24
24
88
32
20
30
25
35
31
9
18
4
60
10
7
13
7
1
7
63
6
22
30
19
22
135
25
32
88
41
3
19
22
13
36
22
55
35
7
7
7
7
44
9
34
15
98
44
34
67
3
34
13
104
1
5
28
1
1
31
3
11
10
5
5
34
18
5
11
7
5
5
5
2
5
5
15
15
5
28
28
5
5
32
119
119
5
5
5
5
28
28
28
5
28
2
2
1
32
15
18
5
5
5
28
5
5
5
11
3
3
5
5
5
5
5
28
33
2
34
5
5
5
55
5
3
15
63
5
5
28
15
26
35
5
28
31
5
5
5
5
5
5
5
11
28
15
28
34
33
5
5
5
5
5
28
35
11
16
11
35
11
33
34
11
33
7
66
60
191
11
1
11
143
19
54
60
11
60
33
18
55
24
34
24
34
24
34
3
13
2
10
55
11
11
1
7
3
31
3
1
34
18
1
19
34
36
70
104
13
88
10
104
55
9
55
67
55
446
104
34
33
67
24
15
13
11
55
11
18
35
289
60
24
34
35
32
15
283
70
70
67
10
13
13
11
34
18
17
13
104
17
33
35
15
2
104
11
269
11
33
181
67
1
392
135
374
18
68
67
68
9
102
60
102
66
102
11
54
15
33
16
13
55
2
33
33
34
13
7
18
55
143
191
35
15
11
55
15
15
18
26
18
3
25
34
34
24
33
15
55
13
7
55
32
32
60
3
1
104
1
104
11
67
24
11
3
81
104
55
33
35
130
15
35
31
33
1
60
35
55
34
130
15
35
112
1
126
10
13
13
11
7
269
18
104
269
18
60
269
11
7
33
31
3
11
60
396
55
68
68
1
311
68
33
68
15
143
7
7
14
11
36
33
70
15
191
15
67
7
15
70
24
34
24
16
63
70
34
119
2
3
19
20
81
24
9
11
15
60
67
239
104
34
20
24
66
11
70
135
13
321
34
2
11
33
31
13
34
34
440
19
7
16
40
35
71
11
13
7
16
15
102
16
34
34
18
2
1
33
119
7
60
261
68
70
444
119
43
3
43
55
126
55
17
35
18
35
19
33
11
84
16
26
143
14
15
143
11
7
191
102
25
33
70
13
55
44
13
25
70
34
24
2
34
24
3
2
18
13
3
34
34
63
1
3
18
15
18
15
10
11
95
104
24
20
3
398
35
17
20
16
200
15
4
7
33
31
34
200
32
35
105
1
1
66
10
10
35
13
11
15
15
33
15
34
1
104
246
11
60
34
11
11
391
43
70
68
55
43
9
43
55
68
15
34
32
54
7
60
25
11
33
143
33
70
32
3
33
12
55
12
15
3
24
34
15
55
3
17
18
14
70
104
19
33
15
1
18
31
10
4
104
41
24
34
60
88
18
88
18
34
24
24
13
104
104
15
34
4
101
55
13
13
9
13
24
11
15
33
35
283
102
102
67
67
11
35
13
11
60
16
15
3
104
18
104
1
11
181
19
11
34
13
55
9
13
21
7
3
119
66
70
19
66
10
24
11
12
54
34
33
19
23
24
19
70
20
11
34
11
2
34
1
24
36
34
1
55
1
7
13
67
7
13
11
7
3
15
1
67
34
35
2
3
1
34
16
9
33
119
14
11
440
1
60
16
16
35
11
24
7
15
33
18
126
13
16
3
7
55
67
291
67
33
3
1
24
55
33
7
60
16
33
102
67
104
21
7
21
7
11
7
9
34
55
146
10
15
54
2
60
54
12
102
15
119
24
67
33
54
36
15
54
32
34
135
120
24
34
15
2
11
26
60
34
34
13
34
31
34
33
13
98
55
33
44
67
33
2
34
2
34
44
11
31
3
2
15
26
24
41
1
2
11
7
7
104
24
1
33
55
7
9
31
2
60
33
13
32
119
3
13
15
9
33
15
1
15
55
24
13
11
60
15
26
3
11
55
60
16
16
407
21
11
252
7
146
7
9
11
3
21
55
9
13
7
55
16
17
33
20
15
1
110
2
54
67
3
11
88
19
41
19
3
3
19
32
11
24
1
10
41
1
26
11
13
55
7
9
15
40
60
289
33
33
35
105
392
7
68
67
68
68
26
68
33
72
55
7
72
55
60
72
104
33
11
15
2
1
60
391
191
11
51
67
68
126
33
123
5
22
7
17
1
5
26
7
3
41
15
119
19
32
2
3
2
15
15
48
10
10
34
11
18
3
104
7
34
18
67
15
2
63
32
2
17
63
32
2
48
119
11
17
5
38
7
15
34
5
15
1
18
3
7
5
19
19
32
34
98
2
24
55
7
35
98
33
2
24
334
5
5
19
19
25
3
35
98
15
33
5
41
35
11
19
3
3
18
10
119
34
31
18
11
33
15
2
6
104
88
34
4
66
296
296
48
5
48
48
5
22
7
17
34
16
32
60
7
119
13
11
22
34
11
240
3
104
11
13
41
34
2
88
33
35
67
24
14
24
19
11
10
48
48
48
101
14
13
63
33
5
11
33
5
23
34
15
38
18
17
20
31
35
19
13
15
13
2
34
18
44
5
5
34
25
25
19
10
55
15
11
16
5
15
55
5
110
13
5
34
34
32
11
24
34
3
18
13
34
34
1
31
6
13
44
104
31
35
24
24
67
10
11
5
48
48
48
17
31
31
17
31
2
17
34
5
84
13
34
13
11
11
104
7
31
24
18
3
13
55
55
34
35
31
67
38
5
14
25
110
55
70
38
55
1
24
7
1
9
55
5
23
7
5
35
7
19
48
48
48
48
5
32
31
35
34
31
34
13
26
104
3
34
5
23
5
19
13
17
60
5
17
18
5
15
37
10
270
15
152
454
24
37
32
11
11
197
11
11
19
24
3
67
11
15
24
34
19
37
14
37
37
67
37
37
1
197
15
24
197
11
11
197
119
15
104
24
197
119
11
448
37
35
37
19
37
37
7
37
19
104
24
15
26
67
35
7
7
13
17
60
197
67
26
50
208
3
208
104
37
14
17
37
19
16
1
26
9
60
11
280
104
66
7
17
32
119
11
390
126
66
37
33
37
10
126
14
79
35
11
11
195
119
19
17
11
24
26
13
16
26
199
2
32
35
35
35
35
79
3
79
10
208
14
9
398
67
41
17
11
1
119
15
7
11
66
11
17
119
32
15
19
3
70
11
16
19
176
176
176
84
79
79
18
126
19
455
18
208
10
11
11
17
9
35
7
32
1
11
19
26
254
2
88
2
20
67
110
33
33
19
79
67
79
15
208
15
79
79
15
60
9
18
11
11
32
60
11
19
66
36
11
11
452
19
33
110
19
15
24
51
75
67
17
67
11
11
24
60
111
33
11
3
3
70
11
33
152
26
15
67
20
4
1
14
11
33
7
7
17
4
30
19
7
15
9
38
67
33
275
18
70
11
26
33
75
191
191
214
75
16
1
4
44
44
11
33
18
41
104
33
11
3
24
33
19
19
15
75
38
55
1
1
1
3
33
20
33
33
19
10
84
18
275
26
20
24
33
252
26
70
41
3
63
32
30
279
19
3
20
16
254
26
252
26
11
20
41
67
33
11
15
33
2
2
74
63
33
31
15
74
4
15
15
2
3
159
1
19
32
159
159
11
220
27
75
220
25
11
1
11
254
20
24
26
275
33
20
26
15
67
70
467
44
24
67
19
55
67
4
67
18
19
19
34
74
34
19
74
2
18
63
19
110
25
119
119
15
220
75
51
214
1
11
63
41
67
33
9
33
18
19
86
26
41
1
26
20
104
1
1
1
15
67
19
17
24
1
15
41
25
70
4
33
461
35
15
110
33
119
119
7
7
11
24
191
191
191
60
86
33
11
19
24
20
70
17
33
86
26
19
125
18
445
67
125
4
125
15
17
104
4
11
17
114
11
4
67
31
17
63
67
20
32
66
1
41
24
24
24
88
24
88
119
307
67
11
393
102
4
41
15
24
35
11
2
38
11
15
26
9
17
9
110
67
110
67
71
2
16
6
4
26
4
34
35
135
3
25
30
9
135
7
33
4
32
6
38
18
38
17
6
6
11
19
2
16
135
7
7
7
7
1
36
1
63
16
7
25
88
55
15
135
7
13
14
15
63
24
88
63
98
7
4
20
134
25
18
7
3
7
7
2
35
7
88
3
11
24
15
36
22
63
41
11
15
15
3
60
104
7
7
25
41
35
11
135
20
35
6
34
25
4
104
33
33
15
135
33
19
135
7
63
63
1
13
60
44
63
7
6
38
66
38
7
38
2
41
38
3
88
15
104
110
7
63
7
24
7
35
36
24
35
15
30
135
44
88
10
24
2
23
23
25
7
119
34
20
22
41
7
25
84
22
134
22
15
24
15
134
22
26
24
22
15
7
34
7
102
7
15
7
18
67
30
135
36
98
7
25
34
41
34
35
3
19
19
67
7
11
44
135
20
19
25
25
19
66
26
45
32
4
38
17
110
38
32
41
11
70
17
33
3
33
10
60
9
7
66
17
44
20
4
34
98
4
10
13
110
41
88
19
18
3
44
135
22
45
44
19
38
7
25
38
35
15
2
110
6
15
4
38
32
13
34
67
34
4
33
3
7
41
30
135
11
30
70
67
44
25
2
33
2
4
2
18
18
24
44
34
45
119
25
7
7
7
6
6
2
88
17
10
102
38
7
67
38
35
6
38
7
7
7
7
55
30
24
134
135
24
7
25
25
24
24
88
2
20
135
67
7
34
11
104
36
7
88
7
104
119
41
3
19
24
15
19
41
18
9
19
44
67
11
7
7
7
7
7
44
36
33
135
88
20
32
9
25
102
5
28
11
119
119
104
18
28
11
28
35
5
28
28
28
28
10
11
7
5
28
5
5
5
32
32
28
28
2
10
18
5
5
28
28
28
5
28
28
28
33
34
28
28
63
32
32
5
5
5
5
5
5
5
5
5
5
5
5
5
28
5
5
5
5
28
28
28
32
34
34
5
2
33
5
28
5
5
5
5
28
5
5
28
31
28
16
2
16
2
11
55
14
11
35
44
34
60
143
11
143
15
15
15
11
19
34
24
34
24
34
17
70
15
15
15
3
25
3
26
33
1
4
70
67
13
18
34
18
17
9
9
34
9
26
3
450
104
55
11
102
9
13
13
33
7
6
34
33
20
33
33
60
63
11
55
15
34
34
35
104
108
44
60
108
104
33
15
11
19
1
13
56
67
196
34
57
67
57
57
33
66
60
32
11
2
15
10
7
67
32
70
3
63
44
34
24
2
15
16
34
3
2
34
15
13
18
1
1
67
13
18
70
1
1
7
41
17
13
60
13
60
66
3
3
24
1
104
88
31
35
35
15
66
11
35
34
35
15
7
63
11
34
13
70
70
35
60
108
44
7
108
11
104
16
31
2
11
60
422
24
57
34
11
51
18
414
26
11
36
18
60
11
143
35
33
32
25
2
34
33
34
15
2
104
24
34
3
18
31
15
70
34
3
15
31
34
61
104
55
11
104
66
55
70
35
7
25
15
3
20
13
13
15
119
11
1
204
204
51
1
104
87
1
60
87
13
11
104
1
2
1
60
93
57
18
456
11
51
57
7
11
11
33
24
54
35
55
15
33
11
191
11
33
191
15
70
7
15
11
11
2
2
34
70
13
19
2
22
31
18
13
4
60
463
1
24
33
24
20
104
3
60
34
352
13
25
55
35
7
20
140
15
119
44
35
153
102
67
70
175
26
11
87
26
60
87
16
11
101
17
88
15
60
465
473
57
57
35
57
332
11
7
104
11
55
36
104
26
15
60
2
7
11
26
7
15
15
15
67
7
143
25
34
24
104
34
24
3
15
34
34
3
33
31
63
18
379
3
379
104
34
7
104
35
15
24
472
16
11
35
10
33
25
15
55
15
35
415
24
31
190
190
16
19
1
60
11
88
11
2
11
3
55
292
7
292
7
31
16
66
70
11
24
54
2
67
67
67
15
2
54
110
119
11
18
26
63
34
2
4
55
135
55
4
34
63
31
34
63
34
7
67
31
44
34
7
119
7
2
11
35
1
16
1
7
104
24
30
11
35
17
13
33
15
9
57
55
57
57
18
57
60
33
35
88
104
1
11
26
11
39
19
30
24
11
67
292
7
3
33
34
15
135
66
13
15
22
19
18
17
2
54
17
35
120
24
3
34
120
4
3
34
34
15
104
34
41
15
17
7
34
18
13
17
3
55
1
1
17
31
7
17
4
35
66
33
11
11
10
14
1
104
63
55
15
13
11
13
33
33
33
17
205
31
119
88
7
13
67
19
67
7
19
33
2
11
441
11
346
3
35
67
18
55
67
67
9
18
7
70
135
19
67
19
18
2
54
18
15
19
15
3
60
3
2
15
41
2
7
104
11
14
17
17
11
35
33
34
11
35
32
3
60
241
34
7
414
15
1
66
11
31
19
1
104
19
15
11
23
35
60
273
1
33
475
57
31
57
204
18
57
2
33
10
11
18
31
2
7
3
41
33
10
102
3
11
15
2
19
33
10
70
2
34
34
88
26
11
17
11
17
3
15
2
15
2
31
17
104
5
2
32
11
23
18
2
31
10
44
13
34
70
2
35
104
70
104
55
10
5
5
5
5
4
5
63
34
11
19
5
17
70
5
32
60
2
63
34
19
13
31
4
2
2
15
67
10
16
5
11
13
26
110
5
3
31
5
15
49
49
49
34
1
20
31
6
35
34
34
17
17
5
11
11
5
11
3
26
63
7
5
3
55
11
84
7
2
18
60
11
31
7
44
1
20
98
4
2
18
24
24
9
3
11
110
33
34
110
15
11
34
5
4
31
5
240
63
1
31
31
70
3
26
33
34
24
13
70
104
358
358
19
49
10
98
70
63
15
18
38
34
5
35
11
5
20
35
31
24
31
24
55
19
98
34
63
1
9
14
6
32
34
5
2
34
5
84
31
5
18
18
3
49
49
49
49
35
34
31
34
13
26
104
3
55
5
4
5
11
60
5
3
63
17
24
42
135
42
42
11
42
34
11
11
6
1
11
7
26
395
9
11
187
42
35
42
42
67
355
15
24
11
19
104
11
395
11
11
16
11
36
19
42
42
9
42
20
42
13
7
11
34
17
60
83
15
24
101
60
3
19
42
35
360
42
10
434
35
15
11
10
24
26
36
24
11
427
24
104
277
369
1
369
1
42
19
67
31
24
24
119
104
250
24
41
67
11
378
45
25
25
25
14
177
3
177
14
177
177
11
25
119
24
102
9
250
119
34
19
24
276
5
3
19
18
160
15
41
15
177
19
177
19
177
15
24
3
119
19
60
11
60
26
33
9
25
2
11
23
33
394
394
303
15
177
10
177
57
9
171
32
11
26
314
11
104
7
11
314
67
60
171
33
3
33
19
60
19
24
51
55
380
15
4
55
115
26
10
26
70
70
19
157
26
33
191
191
191
191
55
11
1
17
3
67
115
18
19
67
26
41
16
15
56
4
14
17
17
11
11
11
11
18
19
19
24
20
59
26
19
110
41
191
38
67
1
1
41
14
15
70
59
26
290
26
41
110
41
59
26
19
4
55
4
4
19
3
70
15
1
3
17
41
403
26
41
17
20
18
36
19
36
2
15
63
3
306
4
15
102
63
159
159
159
11
11
11
11
11
67
11
403
26
171
26
15
24
3
7
33
471
44
26
67
66
55
55
1
19
33
2
110
41
35
15
381
32
41
119
26
31
55
17
14
67
3
3
1
115
26
128
70
15
171
26
33
67
41
70
7
18
203
10
156
55
156
1
99
32
381
32
41
32
33
63
15
102
16
9
51
51
51
51
16
388
26
278
26
20
24
15
115
3
33
156
19
169
67
156
24
1
19
67
41
67
85
24
1
7
19
66
226
17
102
32
11
230
11
10
24
363
10
11
55
11
230
119
88
11
122
11
24
436
26
41
41
104
119
247
23
13
32
34
33
4
33
25
44
13
25
98
88
38
11
67
2
102
38
32
88
38
17
25
25
33
104
34
35
7
36
7
55
15
135
7
13
14
17
25
25
24
25
33
24
9
20
1
41
7
1
88
7
19
22
135
22
11
9
24
2
4
26
31
35
7
7
135
33
4
135
20
1
44
15
9
25
4
7
9
134
98
1
19
7
7
41
7
24
38
7
38
15
25
17
15
15
15
104
2
7
4
7
35
24
24
18
44
4
135
4
1
104
60
135
7
19
34
1
2
7
1
19
15
11
15
7
38
17
63
4
17
104
13
7
15
63
35
3
34
104
24
30
135
18
33
13
25
19
15
34
20
41
30
44
35
4
24
33
2
2
25
38
11
19
19
63
4
3
24
33
31
7
15
41
135
20
24
35
41
23
1
7
44
20
24
35
135
32
88
67
17
9
4
34
41
110
7
9
38
31
13
7
3
7
15
7
66
2
33
135
19
20
15
25
13
102
98
19
30
135
19
63
25
2
24
38
13
14
38
1
24
67
7
2
25
2
25
30
70
24
7
31
25
41
25
2
20
30
135
24
119
7
7
88
7
24
22
70
4
22
20
63
17
19
2
3
7
7
7
15
134
66
70
44
41
24
63
102
31
28
5
5
5
28
28
28
28
11
10
10
5
5
5
5
5
11
5
5
13
35
28
28
28
28
3
2
2
5
28
28
3
3
5
5
5
28
5
13
5
28
2
28
18
5
5
34
34
5
26
35
5
7
5
11
5
5
28
28
11
28
28
11
15
28
13
1
33
55
14
11
26
31
15
232
14
55
185
41
7
185
232
26
25
13
34
63
70
34
13
33
67
70
34
7
60
55
67
55
344
104
55
11
102
24
33
2
32
35
147
33
13
16
24
1
1
16
1
7
60
266
1
60
15
35
4
104
11
357
31
198
102
113
102
11
101
232
11
36
33
33
14
11
24
7
25
35
25
15
35
18
3
10
32
34
24
3
34
24
1
34
33
104
11
88
24
55
55
162
104
15
55
44
1
34
13
15
174
44
63
16
274
274
82
33
60
266
15
60
35
35
266
24
11
328
55
198
24
11
384
102
55
2
32
31
11
25
11
2
1
10
70
2
16
2
17
24
31
11
33
34
33
15
3
10
102
119
104
24
34
1
34
16
1
13
24
11
13
325
31
70
1
7
60
309
7
7
26
35
443
1
60
375
67
82
198
11
58
11
2
232
33
70
102
44
34
38
34
15
1
7
3
16
2
4
18
35
13
19
18
41
1
18
33
104
376
104
88
33
15
35
15
3
223
33
55
34
174
11
2
11
35
139
31
7
7
24
11
340
11
60
18
1
3
11
16
173
58
274
335
58
58
55
15
185
104
10
104
25
15
3
3
34
67
1
34
24
13
1
25
2
70
34
41
7
17
104
33
15
55
10
3
351
104
31
98
19
15
24
32
35
7
55
282
82
82
370
7
19
7
340
104
11
33
210
7
11
7
13
17
55
424
11
55
232
2
232
15
15
232
67
17
22
4
26
66
24
60
4
66
24
1
10
15
7
10
14
55
7
35
13
119
7
78
82
7
188
58
26
19
104
345
33
15
7
457
13
33
66
15
70
3
404
7
9
67
33
232
23
35
15
2
1
67
24
10
24
2
104
10
24
2
11
34
16
41
20
35
2
7
10
67
13
11
67
44
36
33
1
26
33
20
119
33
33
55
13
3
33
260
248
11
188
58
7
67
11
322
11
322
26
67
15
58
13
58
24
58
55
67
15
232
19
24
15
2
15
18
60
41
2
3
88
13
2
1
44
104
35
1
55
25
40
24
63
11
11
2
11
16
11
35
1
4
55
11
55
67
10
67
60
4
119
60
423
11
60
11
19
2
15
198
88
198
113
10
5
41
5
11
35
5
15
7
15
2
80
80
80
11
31
34
4
18
13
19
55
5
2
55
3
119
1
15
84
104
17
32
408
80
3
2
67
70
26
1
88
449
53
80
80
80
32
18
5
10
34
26
110
10
15
5
1
5
2
7
3
15
18
15
67
26
2
17
15
7
5
3
104
33
24
11
11
240
55
31
10
19
13
35
35
13
11
15
104
3
84
17
11
1
5
15
80
80
80
41
18
20
63
55
24
55
20
119
5
5
70
10
3
33
34
110
13
1
24
80
80
34
33
26
34
2
13
2
4
5
11
7
5
17
55
15
19
80
80
80
5
1
7
11
70
5
14
13
34
9
33
13
63
24
18
63
38
5
15
33
5
26
13
32
4
80
80
80
32
31
55
66
1
5
110
31
34
24
18
70
26
63
34
7
18
26
5
161
364
11
459
206
15
7
11
8
9
19
26
11
150
138
17
47
47
40
8
24
26
16
60
13
24
11
464
138
10
47
138
10
8
15
24
11
1
32
9
66
258
138
24
47
10
138
55
24
11
209
24
11
11
11
11
144
428
19
206
47
67
209
26
31
11
11
119
26
308
35
35
35
35
92
3
92
14
9
15
7
11
66
11
17
119
32
15
19
15
35
15
41
15
92
9
92
15
234
36
33
34
16
11
15
26
166
20
18
16
70
15
14
139
301
7
92
15
16
11
24
9
34
16
26
385
70
70
257
67
1
55
1
67
67
405
3
3
15
402
26
70
70
33
67
147
4
4
7
298
349
19
1
16
19
24
20
304
26
3
418
324
304
16
4
4
67
382
26
41
7
20
382
26
41
11
33
348
2
118
118
3
18
20
368
26
19
18
41
421
201
29
137
137
137
33
7
3
165
26
15
16
15
167
25
33
4
2
19
63
19
383
229
229
319
227
348
442
1
84
7
1
19
60
15
397
41
20
17
1
1
298
67
401
34
19
286
2
18
6
19
110
33
11
17
14
67
11
30
104
19
163
17
19
312
26
19
24
4
349
67
320
67
302
32
41
32
110
2
33
33
16
6
1
1
6
62
62
1
15
367
16
33
264
26
19
154
67
154
19
154
67
35
110
35
22
244
67
15
24
24
88
24
88
119
451
110
24
10
31
19
9
255
11
136
26
295
119
97
63
67
63
2
429
66
15
44
22
2
25
41
11
34
18
67
33
104
25
19
7
15
7
17
34
20
44
25
2
41
104
19
22
32
25
17
11
11
2
1
19
33
15
7
34
134
20
44
4
25
70
44
88
55
19
4
104
24
15
11
3
2
135
22
2
33
66
7
7
55
67
34
20
189
104
36
35
20
44
24
135
67
19
33
66
22
10
24
2
15
19
11
31
25
7
34
20
134
24
63
189
189
20
44
9
34
66
24
3
22
32
66
19
2
88
11
10
25
33
66
7
34
66
189
189
189
104
55
19
66
34
104
41
22
2
36
22
34
19
22
1
24
7
189
19
20
134
189
189
24
189
4
20
55
2
24
55
4
22
67
9
119
88
67
10
13
13
15
67
44
34
11
189
2
4
55
19
22
25
66
26
24
10
11
41
22
10
66
7
41
7
88
17
135
22
25
25
41
44
135
15
40
60
5
17
17
5
28
5
5
5
28
5
5
11
28
28
5
5
5
5
34
5
28
28
5
5
28
3
3
31
5
2
18
28
2
34
28
11
11
5
5
5
5
5
5
28
28
35
33
5
5
5
26
25
54
96
3
109
25
55
2
13
13
148
11
18
76
17
15
1
60
19
31
18
1
134
316
3
15
430
13
31
18
3
124
60
67
26
60
13
63
305
69
24
15
24
11
109
67
96
15
67
96
3
417
33
1
60
34
104
60
3
26
9
267
104
17
10
24
31
18
218
129
243
1
104
231
17
24
207
26
102
55
305
466
34
13
419
70
7
70
60
15
20
7
34
11
18
356
70
7
119
333
35
31
16
33
129
11
102
11
104
3
26
104
88
323
13
305
17
26
7
11
63
96
272
410
96
7
104
15
35
19
66
35
13
15
60
17
3
245
3
45
35
18
386
26
243
17
31
119
104
331
60
119
3
25
336
15
263
88
67
96
18
25
148
18
13
18
34
25
15
19
15
60
34
35
60
17
70
3
70
34
34
15
7
1
18
26
26
10
32
11
104
365
10
235
9
235
11
15
19
2
17
15
7
287
22
63
41
265
44
63
41
14
44
13
18
18
10
66
134
310
55
180
31
180
31
104
399
40
104
18
1
2
34
36
2
104
101
25
17
186
19
2
287
15
17
287
19
41
24
60
34
41
24
31
18
98
10
371
31
11
67
235
15
104
17
31
15
26
104
73
70
235
15
235
17
287
3
17
287
35
15
34
31
24
63
24
63
24
25
7
15
104
359
242
104
217
7
13
31
1
15
26
1
127
65
373
104
5
5
3
34
17
2
18
11
63
13
20
3
19
9
24
10
119
15
15
38
5
3
104
5
63
41
35
55
34
15
110
5
11
34
2
19
11
26
4
15
5
2
23
63
11
1
5
10
15
11
60
3
38
11
26
5
64
41
31
67
10
25
178
5
5
5
63
2
11
22
1
2
34
34
33
34
5
2
55
11
32
15
11
36
110
55
5
34
13
32
64
64
24
13
4
33
7
6
13
19
5
15
13
7
14
70
55
66
1
2
44
3
34
4
249
5
1
5
38
31
5
35
64
10
13
1
31
2
4
11
15
19
5
2
55
437
18
17
15
117
10
104
88
453
11
88
88
7
4
458
17
18
94
11
88
66
19
55
300
15
55
67
221
19
35
14
17
44
55
19
15
164
60
221
15
35
19
9
19
88
22
88
425
11
133
15
17
19
251
11
55
4
4
55
238
11
18
7
19
4
10
19
19
224
11
221
55
18
19
293
11
20
33
55
38
35
67
19
119
11
117
35
19
353
19
17
17
18
88
67
67
11
11
18
55
60
88
284
11
14
184
184
3
17
33
41
14
33
41
41
70
1
1
431
11
33
11
19
15
193
41
233
426
33
23
70
474
26
202
67
7
55
55
38
24
7
179
26
3
91
91
339
32
4
149
26
33
24
19
41
1
1
16
15
433
17
15
9
11
202
435
2
119
24
3
16
24
20
439
119
67
67
25
20
2
110
24
67
4
7
13
52
435
10
33
44
14
19
420
119
55
17
34
18
63
33
101
32
13
67
4
377
119
110
15
70
362
104
33
119
19
17
17
2
19
34
15
119
9
119
11
285
26
9
119
102
15
7
35
24
73
22
19
63
11
15
24
88
32
9
100
38
32
24
2
132
26
10
24
297
110
22
11
41
3
10
134
135
104
25
9
189
34
135
20
41
4
2
67
15
11
24
119
13
2
33
15
135
104
67
25
19
34
22
7
66
32
3
17
3
34
67
7
20
134
88
24
141
18
44
88
24
25
19
11
20
19
10
141
141
88
18
141
141
104
134
9
104
41
22
119
19
22
32
25
20
134
141
141
19
135
24
17
88
2
10
36
22
3
141
141
19
33
141
189
20
55
2
24
25
22
134
36
22
34
141
17
31
25
25
135
2
1
88
9
7
6
41
60
13
141
102
25
44
1
20
4
34
3
34
5
28
28
5
28
28
28
5
28
5
5
5
28
3
3
28
5
5
5
5
5
5
5
5
5
5
5
5
11
104
256
67
253
237
17
253
35
34
13
470
18
15
60
7
192
3
32
33
212
17
104
268
17
24
338
116
10
63
24
67
182
3
1
15
2
34
33
7
16
11
60
366
11
60
103
1
192
10
18
315
411
17
24
389
26
102
55
222
7
182
182
104
7
32
1
60
225
1
409
34
15
1
18
104
3
26
104
88
106
2
141
11
63
7
237
20
253
20
60
19
104
60
32
18
104
3
25
164
15
104
41
26
104
63
15
432
88
237
119
7
34
101
3
41
15
17
35
60
34
70
34
34
15
7
7
11
11
18
15
11
15
1
9
34
19
24
19
55
14
18
34
1
70
45
18
60
1
1
468
1
7
60
63
25
17
327
34
3
151
3
1
151
35
35
343
24
34
35
34
354
77
7
32
11
7
372
70
172
70
151
2
24
26
31
34
26
11
31
13
18
329
24
26
70
15
294
60
55
259
13
5
10
31
5
11
70
18
11
41
11
17
11
4
7
10
19
3
2
101
5
3
7
5
2
2
2
17
350
5
2
5
11
18
32
88
32
7
31
55
5
5
2
104
26
67
1
44
2
15
11
15
36
14
7
1
25
34
104
34
2
4
213
31
31
5
63
1
34
240
317
38
31
5
35
5
55
4
2
35
34
11
18
361
4
15
131
60
221
4
288
17
18
90
26
67
15
15
17
10
347
35
19
406
11
17
183
10
35
216
26
134
18
26
14
412
26
88
33
18
416
447
17
18
67
19
15
67
215
11
15
15
119
88
19
2
194
38
26
11
281
44
17
14
147
55
155
26
19
219
147
15
330
26
38
34
119
17
104
15
18
221
11
41
67
70
326
1
337
3
88
20
318
67
19
313
1
19
1
4
24
41
19
11
4
35
16
60
11
135
24
67
70
19
1
55
2
19
16
67
413
67
1
26
15
33
67
2
3
119
11
460
17
9
438
24
18
11
18
104
18
9
35
110
67
387
119
70
98
9
15
7
4
33
3
20
33
98
24
2
33
15
135
25
41
36
15
63
7
15
67
4
41
24
32
3
16
18
7
88
13
19
119
7
88
20
25
4
4
1
15
7
15
25
6
3
15
25
66
67
41
11
67
15
25
15
3
5
2
32
63
2
5
5
26
15
104
1
119
10
88
63
34
7
104
13
135
134
170
3
31
104
388
3
11
67
31
13
18
41
104
60
70
3
15
190
10
7
341
236
102
32
34
104
7
13
3
25
7
104
9
104
18
46
110
70
11
35
34
3
15
7
104
19
15
38
7
35
34
25
33
19
18
462
7
262
34
17
17
15
31
33
4
10
228
13
1
36
39
110
15
14
10
24
11
271
3
17
287
35
11
18
157
24
3
5
11
15
35
3
15
34
101
15
63
2
26
2
13
55
17
11
11
24
11
60
4
24
25
2
15
35
14
18
18
67
19
15
4
15
14
142
158
4
145
276
15
15
15
1
1
1
299
342
19
1
14
469
168
107
211
400
19
88
