3247  1015.71 -5.54994 -5.54994 -5002.99 -5.54994 -5.54994 -3856.87 
2242  106.499 -485.768 807.611 756.391 77.6857 1230.2 93.6938 
1784  32.8647 5993.94 436.246 830.025 1297.43 -18.3548 -3735.22 
1304  20.0598 5078.32 -130.411 5369.66 487.473 1217.4 -338.5 
1266  7.25494 -7679.39 -370.516 3599.26 1278.23 298.588 -3770.44 
1249  55.2791 7172.07 26.4662 3311.13 1303.84 148.116 -3815.26 
1125  20.0598 -7871.47 -578.606 64.8808 1271.82 343.409 -4045.76 
1054  125.71 6851.92 -607.419 6093.18 1329.45 167.328 -3543.14 
963  71.2794 -6482.06 -1042.82 3532.04 -47.1678 1287.83 96.8969 
957  87.2874 -7621.76 -597.817 5267.21 -271.273 1217.4 -652.239 
764  84.0921 625.132 -828.32 -2922.06 100.092 1194.98 -5.54994 
757  71.2794 391.425 -325.695 2747.68 1310.24 237.758 -3514.32 
755  45.6696 8561.49 -287.281 5446.49 493.872 1233.41 -248.858 
706  45.6696 -4404.32 173.726 247.36 1207.79 221.75 -3789.65 
666  23.263 8036.45 1034.91 -6965.47 -399.329 1134.16 -69.5822 
642  39.2711 -8870.33 42.4664 -8201.22 -146.411 1191.79 -159.224 
625  80.8889 -3840.87 -799.507 -3818.46 196.141 1146.97 55.2791 
578  7.25494 6749.48 183.336 -5601.66 1114.95 -82.3871 -3696.8 
561  39.2711 -7596.15 -104.794 8494.25 -188.029 1210.99 -184.834 
422  80.8889 1947.32 -200.842 -4970.98 -210.444 1156.57 132.108 
372  55.2791 -2995.69 509.88 4197.93 61.6776 1300.63 -69.5822 
361  61.6776 -8396.51 0.848593 -4285.87 1220.6 -300.086 -3754.43 
357  122.507 -601.02 919.659 -3168.57 1207.79 272.97 -3821.66 
338  13.6535 -2403.42 -953.174 -898.751 228.157 1246.21 -101.598 
330  13.6535 4626.93 -1619.07 -5915.4 -75.9807 1194.98 116.1 
309  1009.3 0.848593 -2.34677 4979.08 -2.34677 0.848593 3842.57 
270  23.263 7761.13 304.986 3016.61 183.336 1207.79 250.563 
238  23.263 5865.88 1329.45 7399.37 -277.671 1271.82 -312.891 
194  80.8889 7405.77 282.579 -3139.75 -85.5902 1227 -107.997 
180  16.8566 8968.07 -95.1919 -8585.39 -146.411 1130.96 -143.216 
142  23.263 -2041.67 -1276.52 3173.48 -540.191 1479.91 -3856.87 
136  23.263 4153.12 1988.94 3048.61 42.4664 1265.41 -37.5661 
124  125.71 -4628.43 1319.85 -5351.94 282.579 1118.15 -290.476 
